Centroid:  [ 0.0660665  0.0494235  2.9770815]
Covariance Matrix:
[[ 0.87025708  0.77367081  0.10369515]
 [ 0.77367081  0.86743987  0.27560756]
 [ 0.10369515  0.27560756  0.40023011]]
Distances:
1. [ 1.4329  2.1806  3.3315] -- 3.0945267605583746
2. [-1.1095 -0.8045  3.0544] -- 1.339361985606703
3. [ 0.2138  0.3465  3.2852] -- 0.5013279950890505
4. [-1.7264 -1.6513  2.7003] -- 1.9407659467149918
5. [ 0.1268 -0.2745  2.4038] -- 0.994062992668464
6. [ 0.7843  0.7798  3.3956] -- 0.9616919939214422
7. [-1.0672 -1.1244  2.3457] -- 1.470121345195997
8. [-0.2051 -0.8634  2.2887] -- 1.612752638895117
9. [ 1.2286  1.3302  4.0258] -- 2.0124521871082957
10. [ 1.6558  1.4183  3.2068] -- 1.7180178035002003
11. [  2.00000000e-03   1.16000000e-01   2.64370000e+00] -- 1.0524581547813943
12. [ 1.4858  1.1104  2.9877] -- 1.5976310535973595
13. [-0.1586  0.1561  3.5109] -- 0.9415847526181367
14. [-0.8739 -1.0474  2.4007] -- 1.2608913330310827
15. [-0.1038  0.0616  3.9115] -- 1.8103203113152735
16. [-1.7426 -1.2771  2.7888] -- 2.1300462197490626
17. [-0.8263 -0.7983  2.5789] -- 1.0999546307761043
18. [-0.6212 -0.9603  3.1496] -- 1.8998992774073775
19. [ 1.3784  1.3446  3.5314] -- 1.5574386065962456
20. [ 0.0660665  0.0494235  2.9770815] -- 1.9831144197843645e-15
