Centroid:  [ 2.850982  1.871414]
Covariance Matrix:
[[ 1.08055216  1.09300605]
 [ 1.09300605  1.30166565]]
Distances:
1. [ 3.1603  2.329 ] -- 0.441975797064083
2. [ 2.9525  1.7389] -- 0.5400861256925233
3. [ 4.4789  2.4049] -- 2.9619271934515132
4. [ 3.5778  2.9651] -- 1.0697518034093862
5. [ 2.9965  1.7536] -- 0.6146534631848973
6. [ 3.1367  2.2471] -- 0.3374408186257561
7. [ 4.539   3.8077] -- 1.7041196141126171
8. [ 3.4948  1.9735] -- 1.3862637957239639
9. [ 3.2689  2.7895] -- 1.188756039363861
10. [ 3.5686  2.8348] -- 0.8742278335241975
11. [ 2.9014  1.9646] -- 0.10691061514444988
12. [ 2.0128  0.9551] -- 0.8210289679511934
13. [ 3.3676  2.8562] -- 1.1561401586153202
14. [ 1.3777  0.7342] -- 1.6261866791952841
15. [ 2.3059  1.6073] -- 0.8341554198600417
16. [ 4.0579  4.1259] -- 2.607220621759777
17. [ 2.3054  1.6166] -- 0.8517882212723878
18. [ 3.2701  2.7559] -- 1.1154989269052977
19. [ 2.7847  1.7842] -- 0.07836068423939774
20. [ 2.850982  1.871414] -- 1.5750108291087057e-15
